-13
-30
-84
91
-61
51
-99
89
-40
95
-43
-13
17
36
-62
-61
-67
76
90
-90
-60
-93
31
2
-69
22
84
25
-16
-80
-20
-43
-54
8
2
-5
61
-7
58
48
97
23
-7
-43
20
86
27
-86
47
-4
15
-38
6
83
-15
58
27
-80
-80
24
11
-6
-58
98
80
-57
86
-5
-89
40
97
-42
29
-52
-65
55
43
84
4
-73
35
24
-76
-29
84
60
-50
8
78
-96
-20
54
54
-34
-13
80
-64
56
53
-2
94
23
-91
80
-6
55
71
84
-70
-88
83
-29
11
37
92
-95
-63
-74
28
-70
48
-85
-21
-37
84
-27
17
-60
9
-84
97
-57
-60
-22
-70
22
-85
70
39
-46
86
-68
58
-99
57
41
-30
46
65
30
17
-86
81
5
50
-18
-55
-48
15
-70
16
77
28
-92
23
-45
-7
87
-44
90
22
79
-17
-52
89
83
28
-2
-7
57
40
31
69
47
30
72
84
56
11
0
-44
52
49
-55
14
96
83
26
-19
91
-40
-77
18
-19
-31
63
-53
22
-2
52
21
-22
-51
94
17
18
-5
17
4
6
47
63
-40
-100
-69
-12
74
3
54
53
55
21
-56
-42
90
35
-84
-2
66
-30
-88
57
93
19
50
-42
64
72
51
31
96
78
-59
-88
41
97
89
10
8
71
89
-21
-85
5
-8
-66
-79
-21
98
37
-16
32
-70
-50
74
-2
-35
-87
55
-10
26
-44
-93
74
17
-71
26
67
-32
-36
-75
21
-6
46
44
-89
65
-11
-7
4
40
-68
9
-52
-82
-54
-60
-5
-41
-15
82
-2
72
-12
30
-43
-93
13
98
90
-75
-37
-15
-49
-76
-28
29
37
-93
4
-43
6
2
83
-41
-25
24
-7
51
-37
64
-57
-74
-74
72
-7
84
-92
-27
99
36
-97
95
29
16
6
87
-32
-50
-7
81
-72
-3
1
-28
21
18
70
-81
82
89
9
70
-79
54
34
-8
18
-81
37
100
45
-8
-28
14
13
-85
41
-33
-57
1
17
39
73
86
90
-37
21
62
-70
-80
-21
-93
93
20
65
-5
-41
-51
-30
30
-64
-89
41
24
90
93
-92
-71
-10
-13
11
6
-85
70
-96
20
-18
39
99
-66
-97
51
83
30
-80
-82
76
92
-95
-71
-41
-59
-96
8
-30
18
-38
69
-35
19
15
69
64
76
61
71
80
28
41
-1
38
8
7
-46
54
-3
-91
-61
-94
69
36
59
12
-17
-32
29
80
1
-77
36
-10
-64
84
-69
45
-86
-90
48
33
-71
-4
12
-8
1
-5
-26
-33
-46
-89
-27
-92
-22
-23
96
-75
58
63
91
98
40
62
71
-88
-54
-24
-49
100
-52
65
-56
-88
-77
58
95
20
36
78
60
56
-95
-96
99
-17
-29
-69
-41
7
-15
-17
-57
-43
-72
63
-54
-88
-70
59
-37
98
45
-48
80
-13
75
-14
29
-80
-61
-35
-23
-92
-49
73
90
-96
49
100
100
18
-94
26
61
23
-28
29
10
82
58
88
-40
57
-60
5
-82
29
-6
-13
-7
-63
-57
-88
-68
-41
85
-43
-15
63
96
30
90
25
21
88
-58
94
-6
36
-20
-9
-41
-24
2
80
71
-49
72
9
25
68
-97
-23
-76
-32
-76
-19
34
-31
-13
-9
93
-88
-35
74
-50
-63
50
28
20
-71
47
90
82
-22
-28
70
92
-56
-13
94
-13
76
-14
-50
52
-36
15
28
13
38
32
-47
-53
58
38
26
56
30
12
96
-99
-56
-68
16
6
93
-66
77
22
-39
-28
33
99
95
61
-49
-69
34
33
89
-97
1
-65
95
-60
100
-3
-67
45
77
-16
80
12
-27
-23
-3
87
-6
-17
72
-100
24
-22
16
-69
27
40
-93
-84
-61
11
-27
100
-65
-27
-33
81
47
-46
7
-8
63
-7
-4
93
-62
27
-26
-23
92
85
37
14
44
2
94
69
-12
46
27
-54
-6
86
71
-54
85
-95
49
-4
-64
-52
-43
-84
27
-3
99
-90
-66
85
-86
68
-40
11
-72
-25
-81
-80
-90
-23
63
71
88
-7
80
-98
-14
40
-35
-66
24
71
-15
48
56
33
40
-67
36
61
-53
-64
55
-72
-94
25
92
-48
-89
9
99
77
-100
77
-95
83
65
3
95
-39
-3
68
-16
94
35
-18
-44
-5
77
94
5
3
-25
5
-90
100
83
57
18
12
2
80
-68
35
25
-37
56
-54
-79
-2
-23
-74
-17
14
40
-10
-96
-77
4
77
-54
-74
61
44
42
-5
-71
73
72
-8
-6
15
3
-20
65
-9
-76
53
11
86
55
-10
21
6
-97
-62
86
-10
-47
23
52
-93
-75
-80
43
-57
-62
65
-91
-93
-40
-100
2
-2
2
-64
-35
-51
-35
34
-72
-2
-36
19
-95
32
88
31
50
-99
-17
99
-46
-55
36
39
1
39
34
42
-20
-11
93
93
-4
80
44
-40
-64
16
61
38
-33
-3
7
86
-83
-97
-81
38
79
18
3
71
-54
-91
-7
51
68
30
45
-51
68
-18
-46
-29
-46
-100
54
-33
-69
6
98
-53
-2
33
-41
64
71
12
64
-11
69
-40
74
-30
67
-74
13
-84
-2
67
-78
-17
-2
19
-58
-54
-89
5
-17
-15
-5
-65
26
32
-91
-93
-77
53
100
76
-94
30
-20
-32
-78
-84
-21
15
-67
62
-67
-97
45
2
-24
32
-91
-42
-25
-17
12
34
32
-84
-22
-65
14
75
-46
59
-80
75
7
-75
-33
61
-79
47
-5
-19
53
16
15
94
94
25
-25
-73
45
-13
-95
-5
4
34
-64
64
8
-21
-35
-50
52
52
-65
-57
64
-54
-98
60
8
50
-83
23
25
53
100
14
-80
-66
-61
61
60
-28
-61
-69
40
91
100
67
43
27
2
35
61
-52
57
-47
-50
-66
-74
-49
-21
-59
-96
6
58
-65
15
-20
-57
-4
-89
-11
-49
80
41
-3
22
18
55
-93
-60
77
-56
-42
94
67
33
-82
10
-30
-72
-78
39
33
-8
-96
90
30
44
32
-50
61
-83
9
99
-28
-14
-75
54
99
-28
81
23
-15
-62
31
-92
-65
36
-24
-31
-95
-45
-44
18
29
37
-40
-13
5
-17
-89
-29
-49
71
-25
56
47
72
41
25
-95
-2
26
34
-69
-92
70
-89
-90
-8
-6
87
37
-29
52
-17
62
-5
59
-2
-22
-57
-50
17
7
6
-82
-6
48
97
-49
100
-65
57
63
-31
46
79
-98
-18
49
-37
-21
8
-10
-51
89
34
-7
19
-61
-98
50
23
57
-87
2
-100
63
-27
30
79
-70
-12
-52
-71
-82
8
-96
-65
-49
44
21
13
67
87
-98
59
-48
64
-82
-95
56
3
59
-32
-65
-25
76
56
-20
4
-75
-71
24
-20
-97
-79
-87
-80
-4
-32
-5
-96
3
-3
-80
-5
-67
75
24
-2
-88
-72
-24
-89
-6
5
46
9
82
-40
-72
22
90
99
84
31
29
-95
-64
11
-80
49
77
-84
2
-47
-3
-98
37
83
56
-93
-91
56
84
-98
-76
-4
-85
-48
4
63
31
94
41
-49
55
-52
-74
34
12
19
50
-83
-13
5
4
-46
92
-78
87
29
-4
-88
88
7
-95
70
71
51
64
-96
88
-87
98
29
90
53
-96
46
79
-100
16
-38
-58
52
98
8
-35
-73
69
-60
-31
42
38
54
36
99
33
-91
-39
-35
-28
14
75
7
-99
-78
-31
-40
-72
-2
36
-24
57
94
32
55
-63
92
74
63
54
-85
-21
79
62
63
94
10
-63
-43
-26
-47
-26
9
50
-81
-24
86
-46
-5
-96
96
-46
1
69
73
-84
-23
-44
-68
19
3
45
-75
45
-13
-37
-8
-86
-84
-2
-11
29
50
47
65
-63
41
-100
67
22
68
21
-7
-1
-26
10
-24
3
76
91
35
88
53
67
-4
-67
78
71
51
-41
5
-21
19
21
-70
16
80
-78
-56
-79
53
19
-52
-62
-86
75
-14
86
-96
-43
-52
19
-11
-1
32
54
-11
42
56
100
1
80
29
-37
-60
65
-91
71
39
64
-12
-88
-58
-57
45
-81
-5
39
-28
-80
-43
89
37
42
63
97
-65
-3
41
-35
-4
99
-87
-37
-42
-3
-36
63
34
13
-41
52
-56
71
-92
-54
34
-11
23
-52
-53
46
-2
-10
74
-85
66
34
37
-12
56
-9
-47
-57
-29
-36
97
92
76
62
17
-1
-66
-2
36
93
-21
74
45
-26
47
-59
57
40
81
36
91
75
-41
-2
28
24
8
73
79
35
55
-46
-39
-45
3
-73
95
-49
-2
-99
59
90
58
-40
90
70
68
14
-81
-41
25
-61
87
-100
37
-84
0
-89
-91
-42
-28
-79
1
-29
-89
-26
89
-42
-61
52
58
-13
51
3
0
50
31
-52
-1
63
-20
34
-16
22
-83
93
62
70
57
80
-39
70
-89
-86
-73
-41
87
94
81
59
49
-35
84
61
-9
89
-22
29
11
-46
-18
32
7
-37
-20
71
44
60
17
67
36
-45
34
-65
77
80
1
-55
60
48
-44
-37
83
45
-73
73
6
-18
-24
20
-76
-74
44
25
85
-91
-89
-92
-44
-59
-11
-33
46
-79
-1
61
55
86
-75
-3
-40
-31
-69
-11
72
33
-82
-65
100
-85
45
-46
-72
43
8
51
-1
84
-97
41
62
-89
-59
91
10
69
47
-100
45
-29
-50
76
71
-21
-36
22
-18
-17
100
1
6
99
-95
-34
-100
-57
-97
-99
-99
-73
-44
-28
87
-4
-94
58
-9
-97
-62
88
-2
-37
2
29
-8
4
-38
81
1
-80
-90
81
-77
74
-53
13
-49
25
90
99
81
17
-4
-49
-14
-83
-14
-79
3
28
-2
62
-32
90
58
33
-18
96
32
32
49
-32
13
-88
68
-100
74
42
83
-90
-83
66
55
49
0
70
-16
88
88
65
54
-6
-26
39
-49
90
-8
-70
11
-76
-37
14
75
35
47
-81
-6
57
57
-53
67
-47
43
25
50
-36
-5
39
-86
66
-17
85
68
-22
-9
-10
90
-97
79
-7
56
89
53
87
-45
-35
25
-60
29
50
-63
-16
-67
58
89
34
-2
40
-30
97
-48
-1
59
-48
-85
-48
74
-42
-31
60
39
72
18
63
-93
-13
83
64
39
13
82
-69
-54
-40
-1
-95
93
-26
-47
33
32
-52
85
-55
-99
18
70
98
-1
-24
62
76
-74
28
-74
36
71
4
-62
-62
-85
-69
8
71
-17
-49
94
12
-73
-18
-9
78
-18
-67
-92
-34
94
-40
-100
-96
-8
39
-23
57
0
47
-2
-42
94
-100
-36
-54
100
16
36
87
-26
44
0
57
26
46
-25
-42
-95
-14
-93
80
-36
-100
59
96
-90
71
-33
-57
5
52
-65
63
95
-43
80
-54
97
-82
76
-38
-38
-4
75
-13
69
-100
-21
11
-77
66
99
-3
67
14
88
32
-72
13
100
7
-9
74
-48
85
44
-56
14
49
-11
-1
-1
-9
20
-6
7
18
13
-60
-48
22
-19
52
42
-10
79
23
-61
-22
-7
90
29
28
11
-39
72
44
-57
-13
-48
-45
67
70
41
-62
6
38
-90
-18
-17
-9
39
28
21
-18
59
-83
53
-52
-88
64
-43
-10
-69
43
-2
-25
-29
-61
-59
-62
-40
50
57
-46
12
-87
-91
-93
70
41
-38
17
3
85
20
29
-13
18
-73
79
-56
54
67
14
74
3
-29
-30
31
-28
44
12
-63
-60
70
-70
93
10
-60
-3
86
50
-98
96
7
93
65
-11
44
43
75
39
96
-65
-70
-59
52
-76
66
-27
35
-94
-26
-54
-70
-96
99
99
61
40
93
46
-54
-19
-100
-34
-20
13
-99
-73
54
59
42
-61
-13
85
33
57
62
29
-54
15
80
83
-96
-17
-38
-90
0
-12
52
6
61
-62
-85
88
-60
-21
52
95
-75
-34
52
-46
21
-39
39
-45
-53
-44
-24
58
-85
-58
49
-49
9
-66
-98
-14
92
-84
85
-23
36
47
-27
-87
-16
50
-60
-67
-69
4
-66
-30
-45
-93
79
-100
78
32
-30
-25
84
-58
70
-81
33
-60
-99
-42
49
92
5
24
53
5
62
14
23
-53
-78
-56
-30
-76
21
-96
21
-51
-51
88
78
12
-91
76
12
69
42
11
-95
-67
51
-26
80
-49
67
-16
58
97
-32
-32
30
99
15
-52
97
16
-35
46
-58
56
-94
53
38
29
-73
56
18
44
-11
-54
38
-27
-67
-41
45
90
-33
27
93
-72
-83
-49
84
52
-1
-70
-23
-71
-36
-99
30
24
9
-87
-79
-86
-21
-41
-7
-50
3
-50
98
-50
25
68
-80
-19
-26
-95
68
72
-81
-69
84
70
38
63
-34
-16
-95
34
-10
4
29
9
-71
70
17
-5
-57
-59
-54
-86
81
92
67
-74
25
-16
-41
96
48
97
-87
18
76
80
22
-21
77
-3
-9
-96
30
-56
25
-95
7
-63
93
0
-22
-46
-48
0
75
39
-21
-4
20
21
39
-80
72
85
-9
-18
-8
46
-15
81
60
-33
57
48
-24
-100
-33
38
25
-83
-56
51
80
-12
86
-93
31
-56
99
99
100
42
-67
-35
-7
68
66
-69
43
79
-99
-97
-34
43
-44
37
-67
-51
-38
-54
66
42
59
60
-90
32
-36
79
54
49
-42
82
68
-89
-81
-75
-28
-3
29
48
-10
-50
-18
-55
-27
34
43
64
84
72
-82
-65
99
-34
80
-55
-26
-85
-8
-93
40
-5
-73
99
-75
-18
-99
31
82
-80
-57
-18
-60
-6
-40
38
38
-79
-50
-36
-10
28
70
32
51
76
-20
69
-27
-23
-86
8
-98
14
-60
-57
99
-55
-37
17
22
52
55
62
-40
86
-32
32
43
-33
56
-88
43
-2
62
88
70
60
97
41
-76
-36
37
36
59
54
-68
-93
87
-82
27
79
69
81
-41
-26
100
74
-33
-53
9
86
11
-42
-17
96
-66
-81
-90
60
-34
-73
-16
22
-46
-87
-96
35
-19
-95
70
-62
25
-93
-44
-51
68
45
5
-65
-80
38
-11
78
30
9
-50
96
68
90
-78
11
-36
-48
-14
-50
-27
66
-75
-24
-75
32
-33
-2
-31
89
93
-53
-24
66
-60
-57
84
68
-91
-44
-74
-92
95
43
-94
95
-79
-22
-3
80
-30
-99
100
75
49
0
51
-52
-62
-22
-85
-26
-40
24
-35
-16
-88
-55
12
67
88
25
-23
22
68
51
74
74
2
18
21
71
-70
39
63
-51
74
-15
46
-33
78
3
-30
89
65
21
14
-53
75
-99
86
-68
-74
-18
74
-31
-61
50
77
-5
68
-91
17
-98
72
36
-93
-77
35
75
-62
57
86
-17
-23
-98
98
-18
-73
-72
58
89
-70
-75
22
-82
-37
42
-90
66
58
14
94
40
-17
-48
-24
-95
-97
-11
-87
19
93
-13
50
15
2
-24
32
-49
-12
51
-23
-98
-53
22
84
-53
90
54
-85
84
-73
-66
49
14
43
80
-19
92
-54
-20
71
70
-97
-90
36
7
38
29
31
60
-84
-36
68
66
-63
-48
36
14
-89
-72
49
41
9
97
-74
44
94
35
-58
-40
5
36
74
-95
-91
-14
-8
-99
96
55
57
2
50
43
-19
41
-92
-71
2
-17
81
-23
-96
-71
-17
-78
35
-34
-67
91
42
38
79
-43
-9
92
-88
-42
-78
1
72
-25
55
-80
78
-52
-83
83
7
36
68
-22
-5
57
-50
60
57
37
99
-70
-86
1
32
64
-1
-81
-38
51
55
-34
-8
90
-2
36
30
-41
30
-30
-39
-54
39
52
61
-30
-1
-42
25
-85
1
-62
-24
7
-78
47
77
-43
7
-80
-6
-28
67
26
20
-92
-52
-42
68
97
69
-21
73
46
31
11
-55
24
-31
38
7
-2
13
-78
93
8
45
-96
-32
77
85
50
85
79
27
-31
24
59
33
-49
-86
62
-31
52
-73
-63
32
64
4
67
-46
26
-39
-40
89
98
-90
75
67
51
26
77
-92
87
-12
-64
49
16
-67
8
0
-22
-80
70
-77
-43
-70
-33
-41
-45
68
-94
-71
18
-75
-74
-35
81
-43
26
81
70
29
63
-56
51
-55
48
60
90
34
-3
40
-15
60
82
23
-95
-78
93
43
-45
6
-100
-57
-44
-90
40
49
40
-51
16
56
-48
-45
-88
67
97
-14
-36
-48
-12
-67
57
90
34
-40
99
-41
4
35
-33
-29
35
46
4
-71
-22
-88
50
58
-38
-52
-68
73
-24
-55
-90
-83
54
-76
85
-16
98
-52
-36
-2
16
79
-60
69
6
89
9
-91
83
-30
79
32
-86
40
-60
14
-43
51
96
-33
-38
-50
14
-90
56
16
32
-54
-67
-4
82
-34
-41
77
95
75
24
-9
42
-14
17
-36
73
-47
-35
-19
89
-51
-95
-62
5
-93
60
-31
5
92
-79
63
35
51
37
-92
12
44
92
-61
-80
-50
-40
-23
-67
-99
-26
48
96
-20
25
9
22
58
5
41
60
67
48
31
-90
-56
92
-99
-52
-72
-75
-29
84
-4
87
62
-64
10
-51
10
-99
-74
-40
71
83
-61
-41
93
59
-26
-83
84
91
-75
20
91
29
22
-54
10
-22
-11
77
-5
-25
-3
9
80
61
-5
23
-17
-82
74
31
-79
100
48
-77
53
-98
-33
98
-35
98
-43
71
-73
-88
-23
76
23
-79
-93
-18
-30
-89
20
21
-21
79
63
-36
-84
-12
95
-15
-4
13
-57
-32
-67
-58
-56
-14
47
24
-70
50
-19
17
-76
-64
-42
1
62
-10
-12
-1
-20
-21
-10
-96
-26
93
-13
50
72
-65
-92
-60
-19
-44
-69
90
27
93
63
1
97
57
-47
-38
50
-92
-38
34
11
-70
-91
-99
-81
-64
35
76
-96
99
-74
-72
98
73
80
-81
-1
-89
-61
-90
58
-85
99
-66
23
53
73
23
65
60
-15
-86
68
-16
74
-70
-67
12
91
47
89
26
62
-31
12
5
97
-97
39
86
79
19
6
94
88
-17
-23
41
37
-13
-2
55
17
23
-75
-63
31
-11
-71
2
14
-37
82
94
-56
50
-15
88
3
13
-43
12
-3
-47
-34
77
27
96
-10
-75
51
-56
-30
56
-44
-80
64
78
17
-18
-57
34
88
-76
-91
19
-7
-66
57
-13
-87
43
15
37
53
33
51
-32
-36
19
-66
23
-84
59
-96
-50
-32
83
-34
16
-49
28
-76
-79
83
26
54
83
61
-48
-6
-37
-3
12
33
-56
30
-21
-44
-39
95
25
-86
82
-22
-72
54
75
14
-2
54
-63
44
91
-31
-49
-2
-45
19
83
-60
90
-51
-35
-84
94
-22
3
-90
16
-37
91
-82
-22
78
44
56
24
10
63
-27
-12
-87
32
36
-80
21
-38
-4
-35
-37
-82
98
66
21
-87
-70
76
8
-77
-95
-28
-18
25
-72
-100
69
-94
-9
5
-60
-69
55
38
-61
-35
-21
-18
31
21
-47
-16
49
-84
-37
-83
-75
73
-67
77
-24
-86
8
-3
-1
-80
-17
89
39
-11
51
16
93
84
23
-60
-90
-41
25
45
-31
-65
-69
-59
35
75
-37
-87
-3
-35
8
5
61
30
32
-20
-58
-68
-74
69
-6
-11
29
-7
-26
-73
72
74
98
-35
53
30
-58
84
29
78
8
83
89
16
-93
-66
92
77
3
-84
7
-76
-68
38
-26
-84
2
17
67
-99
-57
-89
-76
52
-95
28
-17
-31
-51
-20
62
-54
55
-18
-62
44
29
-11
-43
-49
-79
-23
-78
61
29
-30
-18
95
10
63
-48
-12
73
-2
86
-60
-94
-87
47
93
24
-95
-13
63
51
99
65
-32
-70
-50
59
44
70
-43
-26
10
13
10
-97
73
-73
27
-89
63
54
-90
-83
-21
19
84
2
9
-67
-7
-53
79
-93
-82
74
-96
63
38
82
-71
7
-7
40
44
-48
-31
87
39
84
-23
72
25
-44
-21
87
-87
85
-83
-87
-36
-58
48
9
-53
-65
-55
37
-80
-55
-94
32
87
94
-53
32
64
-66
18
96
42
25
61
6
8
-43
-92
100
-95
-10
-69
16
52
52
77
45
1
59
25
-70
36
-78
18
-76
86
-54
65
-62
91
31
-85
-77
-39
92
-97
33
-97
-23
81
8
93
45
87
-40
81
-60
9
88
67
18
-25
88
53
-81
73
20
-8
-100
25
-31
-21
-57
78
69
12
-42
94
95
54
-5
-88
84
-32
-59
77
86
19
48
18
-55
88
12
75
-27
-98
-68
8
33
53
2
-13
0
-27
-39
-24
1
99
93
60
-6
-87
-90
-30
79
73
76
66
-78
-51
-96
-84
-88
-9
65
87
-46
15
2
85
-57
99
-35
39
12
22
-63
-10
37
-78
1
4
10
32
-56
3
-17
-20
46
-96
61
80
10
26
-83
86
73
62
-8
-71
-88
-94
29
-67
81
34
4
100
-81
63
33
-50
61
-91
34
62
-25
-17
97
-44
27
-30
-43
19
-58
25
67
-91
-63
-45
-95
-58
-61
-63
61
-93
90
-29
16
-83
63
-41
47
-75
-80
-95
85
12
-93
14
18
63
72
-4
99
29
-29
50
-63
88
43
-56
-16
-71
-13
-1
5
80
11
85
-66
57
-41
82
20
-9
-68
-73
53
-67
-6
100
-37
71
-79
27
-28
-13
-56
-97
44
-73
21
-92
-30
96
-29
38
13
-56
58
-58
-33
2
48
-11
-9
87
8
66
58
82
-84
99
84
-74
53
-50
93
-71
60
19
-22
15
-71
-2
-62
42
-64
21
66
-42
-26
45
9
40
22
84
34
65
96
21
87
-87
5
-73
-97
-60
-38
-48
-54
33
-66
-14
96
-23
-4
-58
-20
85
36
-29
-71
83
73
69
-69
2
-71
-93
-77
-5
92
87
1
90
-86
-37
75
-55
91
98
-82
27
-27
-64
-89
53
-30
-100
-33
-44
57
-7
92
34
-45
-31
-8
-58
-74
70
-74
-31
84
59
12
-90
-82
-2
25
-44
-34
-26
92
-77
-33
-72
73
-44
32
62
29
0
-58
26
-38
74
-26
79
-76
-3
87
75
28
91
62
-74
60
38
-73
-35
-55
-18
-30
66
-45
-95
15
69
-29
-99
59
-17
75
-20
5
-13
-93
37
87
-88
-3
-61
-36
-16
37
3
87
-42
-80
12
27
80
65
-37
25
-31
-44
-61
14
-83
-93
22
-46
72
-17
-56
-80
-73
53
-71
96
43
-35
67
99
-76
68
60
81
-76
-93
-39
-35
-57
-98
-45
-47
95
58
38
-54
-97
-79
-45
93
-87
-10
-28
-21
99
49
-36
-3
-15
-70
-60
-18
-93
0
79
9
20
73
-31
68
61
11
26
33
-26
73
-29
-14
11
-80
92
-62
-14
-49
-14
-5
-6
-34
93
59
-98
-81
-90
-28
-45
-59
63
-56
34
-29
62
59
59
-72
-20
83
-66
-94
78
55
-74
21
-98
-17
-32
24
93
-60
46
11
-75
74
31
44
-22
81
-13
-16
-13
8
-60
37
-77
-29
-8
34
74
1
67
45
3
34
76
-64
-43
-78
55
-84
48
45
-25
-52
-28
-53
-50
-6
-52
-46
-30
27
-56
-33
-63
-19
7
80
39
54
-15
-29
-67
-45
30
92
92
-57
39
55
63
57
39
14
-57
3
-14
-55
-51
-100
-44
-73
98
-52
-88
-77
-52
-73
-18
-82
-55
-87
89
-69
66
-84
-8
18
13
50
86
37
-99
93
-8
63
-75
-33
-26
12
47
-95
92
81
-67
16
61
76
54
-65
-15
8
33
10
-44
49
85
46
-29
-68
-99
60
-14
-9
71
17
100
17
-16
40
60
71
96
96
-18
3
92
-49
-12
-49
58
-87
-28
2
-31
44
-50
-48
54
-80
-3
98
-70
18
81
51
-32
-92
-81
80
11
-48
91
17
-70
-30
-13
48
5
44
-33
-46
-51
-68
-76
3
-88
18
29
-24
42
16
16
-42
-73
43
-79
-6
-45
75
-46
90
25
-1
-16
-62
23
-19
67
-88
-27
9
98
-95
29
11
59
-28
-2
-73
-52
64
56
90
-39
-2
-17
-87
5
47
-12
3
-17
-84
77
2
43
-15
63
-46
-98
40
-10
-37
-68
-6
-93
10
-80
-28
-83
94
11
2
-46
-21
-22
-59
-61
5
14
43
66
-89
-59
76
48
-29
33
64
61
52
-15
-94
52
-12
-1
-75
79
69
-13
-22
48
-11
26
-99
72
-9
-90
-4
-44
-19
-4
-12
-20
-66
6
-96
-29
-22
-71
-97
-91
-74
-82
71
-13
44
90
59
-56
74
39
20
-91
-42
73
25
63
-61
-41
-36
-29
78
-49
74
91
-34
-40
97
-59
-58
86
53
-86
-79
-2
45
96
87
57
-83
-9
42
-85
-73
39
74
-20
-67
-80
55
59
85
75
-61
3
-66
-70
-90
57
-35
-41
15
-21
68
51
43
49
-29
-65
10
-29
-34
-40
-64
-13
97
-48
-26
70
-57
41
-15
-65
-26
-66
64
99
-79
88
5
-82
-73
-3
83
94
-14
-75
-62
-60
-14
-43
31
-26
-59
94
-19
72
58
-23
28
-6
-9
96
-25
-34
0
76
-87
-35
50
66
82
13
98
-66
-92
0
44
59
50
66
-45
-8
58
52
-59
70
20
73
-77
-81
60
78
-68
-58
14
87
-83
-75
-29
90
59
-76
-25
-77
50
-100
28
9
-53
-56
0
4
33
56
58
-38
80
-8
29
-50
38
45
56
78
-6
72
-28
-49
-81
-89
-25
5
-79
-76
26
-25
48
46
98
2
94
71
42
13
83
35
41
83
64
-32
-42
91
-38
-24
-88
-37
-42
9
-68
61
51
7
95
-60
31
31
-71
80
-58
-67
-11
80
33
-66
91
45
-36
-31
-34
-64
48
-96
-38
27
-55
-30
-62
-20
7
-72
45
14
-69
-67
10
88
-38
59
10
27
49
24
-73
-36
-97
78
-43
-72
-12
49
30
-69
-100
57
-53
98
-8
-51
-48
28
-29
-47
-37
-54
-26
-100
7
82
-64
12
4
100
42
23
-48
16
-50
35
-20
-58
-70
46
37
94
26
64
-18
81
-4
-96
67
-58
24
12
-74
-74
-35
63
-43
61
-98
-45
-38
86
18
77
28
86
-85
-32
-5
93
98
2
-100
17
-100
46
42
-79
61
94
62
2
-16
-93
6
49
96
99
-50
75
24
-16
-42
63
-54
-44
27
-82
-18
40
-57
90
-2
-78
81
-37
48
-39
39
14
-78
-42
70
-59
80
80
-44
-78
23
15
-55
-27
-1
-90
75
1
30
-27
-7
67
-33
5
-6
83
-11
-1
-72
-73
-23
-57
-55
21
-82
88
43
-61
-92
81
-48
-16
18
-25
-52
-78
-36
-90
99
44
-55
62
-86
20
99
68
-80
42
-86
-82
49
51
-76
-76
-63
53
-5
-58
15
88
-17
86
32
-36
49
-66
52
-65
-31
-98
-40
-21
19
48
-33
-50
-53
-65
62
-28
27
94
94
71
96
1
-82
44
79
-49
-89
-80
90
-37
60
-90
-16
89
-36
76
-52
-63
-14
17
-39
75
-41
-66
42
89
55
63
-30
-48
7
-46
-72
45
-68
-80
22
35
-23
7
89
49
-14
-76
11
83
54
20
65
52
47
-83
-60
-56
40
83
-45
-16
63
-8
66
-42
-77
-45
-4
44
-28
-23
92
69
-59
6
-10
-79
-62
-22
34
-73
41
29
-73
-92
-66
-81
48
-23
-45
20
-48
33
-37
44
-85
-90
-77
-63
37
-35
28
-9
-56
62
97
-75
14
39
-50
-15
99
68
-36
-23
2
-98
-89
75
-33
68
-100
-29
77
69
-87
14
43
48
100
70
-89
-13
16
93
-19
-14
66
35
-50
-11
-97
64
-39
-93
-42
-98
41
25
-40
-73
-66
-73
-49
-92
67
-19
8
-13
-10
87
46
25
34
-6
96
-54
7
88
32
-56
-88
53
39
-36
38
2
-21
-25
15
-53
-10
-80
-28
100
-10
-90
15
89
85
-10
33
81
-87
11
-4
57
-10
-97
2
-31
10
17
-75
-7
75
-65
26
-12
29
-7
-93
-40
-97
66
10
-51
37
-77
-33
90
-89
-94
-4
19
-47
29
3
-24
-67
13
43
3
-43
-76
-12
13
48
37
-3
-1
17
-15
-24
66
38
67
63
54
82
77
67
-69
-70
-95
34
-14
-5
42
-40
-80
41
-68
-82
27
34
-77
32
-32
50
-78
78
47
-60
29
-20
40
17
-36
-62
46
-24
38
50
-46
26
53
-26
79
-79
-86
-41
63
-7
82
-52
-76
91
11
-20
-55
-47
57
-34
26
49
86
-66
-85
49
-14
-47
87
24
-6
71
38
-94
-44
-71
15
-2
-72
-16
-60
-67
-8
53
48
-40
-7
-85
14
-36
-55
-70
-56
49
-83
-7
-67
40
5
-10
-59
51
37
47
5
59
33
90
-99
79
27
70
-20
-70
-21
-37
-21
61
-78
-66
-29
-18
-83
50
-27
3
-97
-15
-59
-8
18
90
93
-79
-100
46
35
37
-63
-31
-48
-18
25
-26
-50
60
-80
-18
-94
88
59
33
12
-92
89
-99
10
-52
-21
-32
43
79
63
-64
81
2
-72
61
-58
-90
5
-67
-46
89
-58
33
63
1
-54
-95
-13
-33
5
-99
-13
49
21
-64
-82
-51
68
75
-25
45
-44
-18
-43
-97
99
30
42
-97
20
68
60
44
-53
-82
-53
17
-76
-3
-35
-50
62
-27
19
-99
58
-69
-58
38
32
-37
90
-41
8
23
-100
-88
10
-13
-5
94
-31
-98
-35
72
48
32
-55
-73
1
16
-49
22
-33
-15
-3
-32
89
90
-49
23
47
-97
-6
-47
-59
-98
-74
-35
93
85
-12
60
32
-9
33
-49
-97
-99
60
-78
-63
80
-39
56
-40
-65
55
-30
-17
92
22
73
24
25
79
-28
70
79
-72
52
81
1
84
89
-68
19
-2
-67
77
43
58
-64
-6
39
95
9
74
-3
-83
41
-93
-17
-80
95
-77
-98
64
74
-40
6
30
58
79
87
32
-49
71
84
-78
-84
30
85
-29
-66
-19
99
-40
78
-70
51
-74
-77
-6
-26
42
-95
-11
-92
50
74
51
-38
72
45
56
-79
85
17
91
76
-47
-89
19
-61
12
59
-72
-16
59
62
96
-68
-88
55
-88
-90
87
-22
-14
-59
-99
-62
32
-58
83
-86
-99
-78
23
75
24
-42
-53
-31
75
-99
-64
14
47
72
-65
-77
65
82
72
-80
-85
17
60
-13
82
-98
-69
34
-20
-55
24
-2
-13
-45
-73
-46
10
-19
-97
64
-96
-87
-72
-17
10
-36
73
32
-89
26
68
25
65
1
-88
-82
67
17
-43
-100
52
5
40
47
8
-22
-47
44
-71
-42
54
82
-24
14
-5
-51
81
41
51
-9
-33
85
-94
-21
18
-86
30
-17
15
-76
-99
48
-25
63
25
71
-73
76
58
-13
-8
-63
-47
-84
-7
-81
11
-17
-74
-13
4
90
37
-38
31
-85
-7
-100
95
-9
-62
75
100
-58
-24
1
59
-100
42
85
33
-99
-64
-37
56
49
24
-32
-62
66
-30
-24
76
72
3
13
42
80
90
60
27
3
-93
-37
67
-50
47
44
-42
-56
-39
-15
84
57
65
10
-3
-4
-8
19
87
18
74
-87
-36
64
-51
59
-69
-64
-87
-26
-74
78
8
-9
2
75
22
97
-10
63
24
15
-17
10
-48
0
-31
-93
78
-20
-74
-50
67
-59
13
54
46
96
-7
-45
6
75
72
25
87
-10
-68
18
99
-44
35
-88
71
43
46
-59
77
-82
78
-83
-15
13
-1
-75
-28
9
87
1
-76
-9
-22
-59
96
83
14
83
20
20
52
86
71
30
-31
61
99
-36
-2
75
50
-73
-5
-55
56
99
57
-75
41
-52
-95
56
39
35
80
19
26
-63
50
14
39
-58
88
-44
-94
82
20
-35
38
-92
-49
-63
-81
-58
43
-24
1
-39
-51
81
25
-17
57
-80
18
69
39
-74
53
-5
-34
51
-51
-7
95
97
-6
-5
15
96
-3
97
-7
-16
56
74
-98
-19
-20
-9
93
-33
-20
47
-38
-40
100
8
-63
45
82
-60
5
94
-14
60
-80
46
8
65
51
17
-67
32
-87
-89
57
87
62
22
52
-84
71
-96
-1
-32
-98
-40
-62
13
60
52
70
-81
-49
-86
-26
-82
-31
52
-80
25
22
-42
25
-43
-73
68
12
24
-77
62
-24
55
-55
-40
-12
-90
-83
47
22
55
29
-20
42
-75
9
21
-81
-91
-99
-22
-50
35
86
92
-62
-64
-22
71
-45
93
-93
-90
-73
-90
-35
8
38
29
37
17
-74
-85
-10
76
-26
-81
6
-10
100
30
-10
-82
-99
75
-67
-41
-69
72
19
-44
-20
78
93
82
6
-67
51
40
-60
-3
-92
-13
67
-31
11
12
-55
24
-2
-58
-92
-77
98
-99
-32
22
-95
11
-5
26
-92
-38
69
-16
7
34
-76
-21
40
12
6
-33
49
48
76
-26
-48
60
18
-33
69
-37
-72
57
-46
-79
-66
41
-44
1
-71
61
-38
27
-28
50
-30
-47
-78
-48
29
79
-54
89
-45
97
9
-18
-83
-49
25
12
-91
-7
32
3
95
-42
15
-92
80
-17
62
-23
-43
30
-96
-61
54
-10
-2
45
14
-84
-43
71
33
-37
78
-80
96
90
82
-74
-32
27
52
69
52
-33
-25
76
33
-45
-14
-35
-37
79
99
68
-25
78
-88
-66
88
48
-23
48
-8
-32
-27
4
-1
-94
-72
-91
-24
-40
-36
81
59
98
-9
93
28
47
47
61
-21
-10
-92
35
26
-28
-13
-28
-46
65
-39
-21
-66
43
27
59
-91
-34
0
-11
-84
-35
-56
-92
-67
63
45
-17
-64
61
74
-14
51
93
-54
-72
-9
-41
38
65
35
-84
18
82
-53
85
-74
28
-81
50
61
20
-74
-16
-46
-26
70
-54
-65
6
31
-17
86
-24
72
22
72
-79
28
57
-52
-9
67
-75
18
-51
-31
34
19
41
19
94
-57
88
59
-39
6
71
43
-38
-33
91
20
45
-86
-7
41
2
-59
47
-79
-27
-58
-13
83
-65
-26
4
52
-91
-78
72
-44
65
-27
-92
30
24
-9
53
-89
-11
86
100
-40
-27
3
35
54
49
-75
14
84
-22
59
39
-90
-71
3
51
28
64
-20
94
68
42
86
54
10
40
48
-47
74
-69
3
-14
-4
-47
11
10
-55
-38
31
9
-30
61
-7
-90
59
-96
32
-68
-82
-81
30
32
-76
0
82
96
31
76
-17
8
37
69
-86
15
9
59
-63
-25
-51
-81
12
-70
-16
-37
-47
27
-26
-37
-7
87
-50
6
-25
9
-62
-84
29
18
93
62
-96
76
-7
-88
-12
17
-11
94
79
85
-49
-23
87
32
-96
-96
6
-79
-65
75
-84
1
13
-71
96
94
5
29
64
60
21
79
25
-9
48
-85
-73
56
-10
97
-3
-81
45
-79
-73
84
33
-50
-42
19
55
54
97
-41
-69
-76
-16
50
-15
-6
28
-72
-73
-56
91
13
-59
-33
-80
-17
42
-74
-73
31
26
3
-90
-67
-14
-95
-80
83
25
58
-63
51
-38
92
42
-2
-29
89
39
-84
-96
-60
-38
65
21
54
-59
49
48
-86
-4
-90
28
91
22
-37
-64
29
-11
-22
14
-19
52
-45
-45
6
89
-27
87
-76
-99
-39
5
-80
-88
2
-69
-49
-73
16
40
31
14
-2
55
47
-34
-32
-10
9
65
-67
-94
57
74
-38
-59
-87
-27
-32
32
-65
-63
-23
-98
41
70
-29
29
26
8
-88
7
-35
41
-75
-35
71
-17
10
-1
0
-12
55
-3
94
95
-95
95
-99
90
-61
52
84
-33
-70
-8
92
65
88
-27
-47
90
56
25
-16
16
29
60
82
-12
72
-94
-23
-40
58
-71
-16
34
7
-44
36
88
62
89
-22
44
-7
-61
66
-78
35
10
-37
-38
-68
59
-55
97
-71
12
47
-25
46
-33
-38
51
71
-2
-7
73
-13
64
47
98
-28
-20
73
-78
-79
76
19
62
-12
5
-6
-74
22
2
-70
-98
-83
70
-62
-44
-80
44
17
1
-17
19
37
-19
-33
13
50
-72
-72
-68
8
-93
88
-12
0
69
-63
43
49
-19
90
-19
59
-81
-49
86
-27
-2
91
-62
-64
-54
-59
-55
22
79
73
-57
44
-28
73
96
-72
73
32
77
-88
-57
-69
20
44
-46
-3
63
-89
-40
10
-34
24
40
-27
52
77
-19
-6
-29
0
44
-89
-60
-60
95
92
-63
-51
81
-66
51
73
60
-26
25
-83
-21
37
-16
9
-92
79
-4
35
-19
-33
77
-63
41
46
-74
46
-62
46
-77
37
-79
-66
-7
59
-97
-71
-19
13
-95
11
-24
-88
-96
85
33
67
4
-41
11
4
99
47
-28
-83
-78
-75
-73
-53
-63
12
80
-85
-9
37
78
-37
-29
73
38
34
78
58
-96
-61
28
78
-17
62
-61
13
2
-29
-6
66
-25
-47
-15
-84
9
89
-61
-69
36
45
-95
42
35
-10
85
96
91
-6
-84
62
-82
4
67
-35
-1
4
-36
42
46
-71
25
-47
19
-18
-84
75
53
-89
-25
-36
46
-80
27
50
-41
-22
-54
65
11
47
-31
44
37
-67
-99
0
75
-46
97
-88
28
2
8
-37
-53
-46
-100
100
-70
-71
24
-40
94
99
-34
54
-25
-12
-22
-93
28
57
19
39
-80
-3
-4
68
-45
25
36
67
-69
-93
86
94
15
28
75
-27
-33
-3
5
48
-17
-68
-94
-28
-79
-16
-26
26
54
10
20
21
-21
-24
5
59
-79
27
-37
23
39
-63
55
44
20
68
-53
49
-70
17
59
67
-77
27
-34
-85
5
35
51
90
-7
-37
-49
-34
33
8
-9
83
-95
-34
-50
-14
-45
-99
-82
-10
-24
0
-34
-34
-85
-87
53
30
-83
6
16
12
-36
-99
63
41
-40
76
62
-85
-90
89
-34
-12
82
8
8
-37
-54
47
-18
20
32
68
78
-71
-9
76
-64
18
83
44
22
90
-5
-1
-49
34
-62
3
-92
-48
71
6
65
63
-5
24
74
-90
82
-44
73
95
-52
-54
-30
-10
-7
21
-61
-33
-71
93
76
-1
-32
-75
-25
68
54
-74
-73
-53
98
21
9
-81
78
-32
18
23
-64
-5
87
79
80
-4
38
87
-18
-14
99
-2
54
16
50
-18
68
-78
40
13
-60
-40
-75
-17
73
24
-48
-27
61
-43
-30
64
-25
35
-67
-6
-66
72
-28
-95
-87
92
6
-76
70
-68
78
-91
-66
-12
52
-32
-20
10
93
-16
86
-33
99
-61
-27
-19
89
20
-89
17
-20
52
52
-33
24
-34
6
35
-1
2
-72
9
84
-2
7
79
-90
-82
14
69
37
-10
94
12
-27
39
-3
73
-99
42
-64
-62
-24
10
-45
-3
-29
-19
46
64
23
-62
30
81
-6
1
80
-90
-1
-74
-87
33
64
-76
43
-69
18
-3
-22
49
86
93
-8
-60
-64
18
-52
20
87
-74
58
53
17
-13
50
98
-41
-61
-29
-67
-29
-38
-85
8
26
41
-4
-13
27
22
-49
49
22
53
38
-80
33
-55
-40
11
-67
-40
58
-15
92
24
57
36
-60
46
-23
98
52
-51
45
-79
58
-84
-38
55
34
20
39
-40
-68
30
91
-76
22
89
68
-16
-63
85
-20
-65
-35
11
42
-49
-17
-52
-79
45
86
37
-59
7
49
-40
-69
4
33
17
-24
-42
82
-64
-47
-24
52
31
-71
79
-69
-23
-76
29
97
79
-78
41
-98
63
-33
-20
46
-89
38
27
64
-40
-62
-48
88
83
13
-83
85
46
-48
-17
13
-55
24
21
77
78
-95
84
40
33
-73
51
-70
92
-12
45
-8
53
-60
77
-96
24
-28
89
58
-6
-34
-5
91
77
-70
16
-26
-85
45
8
-93
76
25
87
-37
-20
-63
59
90
55
66
60
1
30
39
-91
39
-77
16
75
-78
86
-96
77
24
-47
24
-82
-51
-44
-1
-34
-52
-27
19
58
-77
27
42
-3
-35
-58
-39
-37
68
57
-85
-91
-34
-98
38
87
71
-97
-40
44
-92
-84
-5
48
76
89
-58
88
41
83
-39
68
-92
-96
-75
56
-1
81
-99
24
81
-99
-71
65
14
79
-75
-44
88
1
86
-12
-91
81
-90
-71
-77
7
77
-17
93
93
25
20
93
87
-67
-51
-9
-76
-76
40
-8
40
57
-32
-23
38
-81
-70
-29
-73
71
27
-15
-48
-56
59
100
64
86
-85
-21
3
28
-75
-16
-20
97
-6
-91
-90
87
-100
96
-88
44
27
67
-73
-56
-27
71
59
-81
-80
4
-54
43
-32
-56
-64
-82
-75
38
6
-69
65
-76
84
-34
-42
-13
-13
-41
68
-48
28
64
65
-10
-23
11
98
-63
-35
96
-36
95
-70
-84
-62
51
66
72
85
37
-99
83
62
-95
27
35
-50
58
20
81
-26
8
-9
0
-93
-19
54
20
-92
96
-16
35
-83
-35
-73
-85
69
87
-11
10
-6
-86
-31
62
96
79
-20
11
26
12
14
-91
-1
-83
-87
-97
48
-15
-16
-36
40
92
25
59
59
-41
43
72
24
-7
-95
27
-79
-53
-88
40
77
38
-86
65
59
58
-87
-45
-63
-92
63
-75
82
84
65
-40
-18
3
-58
-13
-77
45
47
-55
-67
-71
52
-1
-15
-41
45
10
33
-14
-35
-57
-6
-59
49
-24
-6
-74
-95
82
-65
-47
45
-64
97
-10
-84
38
13
-86
-35
-66
44
97
-46
-12
-69
100
-92
71
24
-49
61
-6
-89
-90
-84
39
60
7
34
-65
54
61
-52
-87
-88
73
-42
8
86
14
40
20
55
-28
-90
64
-62
-88
98
20
80
61
-70
95
-97
-15
-1
34
72
38
-18
-22
39
-75
-99
68
100
7
-25
-99
37
-46
-3
72
-79
-7
-64
88
-49
-4
30
-70
37
14
14
86
25
69
16
-37
53
-86
-64
67
-7
81
-72
-22
87
14
-50
-46
-90
90
93
-1
-64
0
65
-24
-62
75
-80
52
1
-24
-63
16
-69
-80
-6
-84
-15
82
-23
-87
-51
77
-92
-86
44
-75
-69
26
-86
38
-88
-83
-76
-16
13
41
4
-85
79
32
-69
-14
95
7
-76
-85
-63
53
38
42
92
5
-95
-28
22
12
67
-92
96
-17
-41
-65
-2
31
52
85
30
-39
-25
44
24
-44
-40
-24
96
-24
45
89
-50
-22
-72
5
23
89
73
21
51
-93
-26
-26
-3
-66
53
-68
53
-88
-90
-50
35
35
-2
89
-87
-93
-74
16
-24
-31
-38
-93
52
-96
-12
42
51
-46
42
-86
79
-39
52
45
96
40
32
-1
46
-16
-32
43
86
85
-31
49
-90
-44
-11
7
-26
57
5
58
-16
-7
67
-80
-44
22
-78
-38
-53
-57
46
-79
90
16
30
47
13
4
94
10
-15
11
18
-7
-20
84
-100
-55
48
-63
-81
-19
-63
-97
-13
-9
54
38
-72
91
43
98
44
-56
87
-84
-93
37
-91
75
-54
-51
63
93
3
3
81
64
67
-83
-5
-86
8
-89
-93
-97
48
-22
4
-75
46
-51
44
-99
8
-44
35
43
94
-93
-80
83
-89
-4
-67
13
-62
77
-38
6
6
-65
-77
-30
-78
63
82
9
-1
-3
91
-45
54
-76
-71
-70
78
-6
64
23
-39
-94
82
-46
-58
46
-31
93
37
-67
79
16
-50
-80
20
61
25
89
-41
41
34
87
-83
66
61
-22
8
99
38
-85
76
25
-15
23
48
33
53
91
75
-71
41
90
-93
98
-12
80
-74
-2
-3
-65
-83
-63
-30
53
41
-29
99
44
40
-44
-61
-71
-88
-6
40
-13
-41
13
-83
-95
29
-11
-84
86
-61
-86
-68
59
-33
77
-54
-15
77
-92
30
-20
56
0
52
76
13
63
75
-45
-9
-68
100
-35
-90
-11
37
15
45
49
93
70
77
-77
13
-44
73
-58
10
-5
-15
-48
48
33
18
-78
81
20
2
33
-20
93
22
-90
99
-72
-27
-33
-98
31
57
-52
-40
-42
20
-72
-23
-48
76
-11
97
84
-40
-5
-90
10
-82
-72
-65
53
36
-31
22
-98
-12
-41
-38
86
-11
-81
73
-27
33
61
52
-11
-30
33
35
-75
15
-91
92
-65
70
56
14
-19
85
11
2
81
-46
-64
-64
-20
41
29
-74
-38
30
-78
95
6
19
87
97
64
27
94
12
-85
-98
-99
74
-52
63
21
5
-39
16
-6
-6
-20
39
34
32
26
3
-43
56
57
72
-75
67
-22
-44
-73
-83
29
47
-60
-7
100
22
-5
24
-16
45
89
13
65
-71
-63
-61
-49
99
-79
-53
-52
7
-95
-54
80
49
56
69
-61
48
75
-28
42
17
91
-34
76
20
91
-78
-22
-86
64
-94
5
94
-66
0
-85
64
-57
-40
36
-58
-28
31
53
-53
-100
43
69
12
8
61
77
-95
62
-84
-73
-39
-10
65
-44
-21
-78
29
16
23
68
-93
31
-52
62
94
52
-18
50
25
-33
18
-92
90
78
-4
-43
-21
-42
70
-81
79
-63
-48
-99
-47
-77
65
-32
28
53
-58
-77
-16
2
50
20
-60
-73
-48
100
-59
45
55
57
-50
-31
12
-58
21
42
14
99
68
-8
-40
32
-19
-77
38
88
-36
97
-32
-80
-79
-71
-98
43
8
-76
70
-66
96
1
-67
-19
-69
-83
18
61
70
-9
-36
28
-69
-46
11
32
43
-35
-15
52
23
60
9
36
-27
40
-50
-53
-22
-99
-42
-56
-37
34
-25
3
-49
-91
93
62
58
14
-61
-86
84
-93
100
74
-74
80
18
100
-83
29
-34
70
22
-93
71
79
19
44
-63
31
73
-59
-59
-43
-15
4
-44
-49
-37
-87
-6
87
64
8
15
22
84
-59
100
-40
20
-51
-90
69
-90
11
26
-50
-83
-17
12
-23
23
-100
89
7
99
-85
-18
20
-24
-59
12
74
-76
-2
35
26
-26
18
15
-27
53
76
77
-14
79
38
-89
-88
-57
-70
1
-58
-43
64
-70
10
13
17
30
-57
-94
-34
68
-42
33
-43
-63
25
96
-10
91
-33
-48
-68
28
-26
-40
-58
-53
14
92
89
97
-93
32
46
81
-41
51
-13
79
10
-6
-82
8
3
71
-91
-100
-93
100
-20
-7
20
-50
-78
-29
47
-41
53
77
-19
-18
-10
-56
-97
99
3
21
-24
100
32
-6
38
-18
88
-100
79
11
-32
10
-40
37
-79
51
28
-46
50
-31
-17
-52
-79
-86
42
42
82
-70
-92
-13
-71
-23
-8
77
69
82
-84
-53
3
-39
87
17
-59
-21
96
-89
-24
-14
-7
20
21
10
53
84
74
-98
-89
-64
-30
55
-25
-79
-97
70
-22
-34
-8
-61
55
92
36
38
90
98
-3
7
-94
-78
39
-28
-99
45
-64
-43
56
59
-98
2
42
-56
-94
32
-47
12
34
33
66
-10
-29
-52
34
-46
-48
-2
-7
-22
5
81
-51
14
10
27
-98
-36
55
24
77
-12
-16
-71
6
17
49
31
28
-80
41
85
-18
-2
-16
-30
-99
8
22
-19
-53
42
-44
85
38
-70
53
-35
-20
-5
-41
-24
11
-49
-39
-40
-27
-8
-65
-74
-31
-85
-38
-26
-44
34
71
50
-59
-29
79
1
48
47
88
70
-52
91
-2
45
78
-37
90
47
-59
-6
42
69
84
13
-76
51
25
-68
54
-51
-16
73
-66
24
-34
-74
-17
-28
-41
-64
55
-68
57
79
83
35
96
-5
25
73
-6
-93
-99
-77
-7
91
-83
18
97
-19
-1
57
55
30
-34
-27
86
50
-93
-39
-50
-55
-57
-80
-23
86
-91
75
-47
12
7
-51
-87
84
47
-33
-48
-11
-30
82
-80
-77
-86
96
71
33
-66
2
-81
-72
-53
-57
73
75
67
89
56
-76
-62
94
-83
28
96
-43
-13
30
-87
-49
31
35
20
17
18
-85
15
25
-73
95
12
72
-20
56
-34
-35
24
-80
-73
32
-33
71
-20
54
-94
-78
64
82
-98
-91
-68
-94
16
-33
-39
25
-99
26
-89
-12
-100
-2
27
67
-91
54
-77
-17
5
-50
-2
-75
-87
-96
-52
-18
-50
-52
13
31
-15
-77
-54
95
5
-50
-40
65
38
-89
8
42
-31
64
81
-54
-46
47
79
94
-37
21
-47
-30
-97
40
100
-47
-35
-50
-23
11
-39
23
62
92
66
72
74
-65
-88
-33
-82
40
97
-13
4
-32
-62
72
-78
-17
24
98
46
-81
37
-78
-65
9
90
-49
-63
74
72
5
-46
-22
-23
-23
-50
-3
20
48
-24
62
-90
-51
-75
45
46
5
99
-72
-44
62
64
28
90
86
-74
-36
-64
72
12
90
34
50
81
-49
-80
9
-16
-57
88
-67
-100
78
59
-60
56
-7
9
-78
60
-68
96
28
34
-23
-41
20
86
-62
-31
46
47
-90
-16
86
62
-58
-34
-16
20
73
75
30
81
-52
-48
-26
61
22
-15
62
35
-53
-3
-98
-76
-69
10
-44
-71
-6
-86
79
-41
-77
-38
-73
-3
48
-10
93
94
-20
83
-9
-14
-5
22
60
-53
-90
-47
-23
-85
-68
-67
36
11
-26
-36
-49
-64
-99
-60
68
12
-51
-5
5
86
27
47
-65
-49
19
16
-36
81
-26
-46
-50
15
84
48
12
56
52
-44
-75
36
-97
-63
30
12
-76
59
-43
34
-82
53
-91
1
-13
41
-75
75
91
68
-66
4
-76
-89
-97
100
63
-4
2
61
61
65
17
-35
10
-53
23
-27
-91
63
37
87
51
-64
82
5
-42
88
-61
-93
27
25
72
59
-5
17
-59
83
-79
-28
-92
20
-17
44
81
17
-56
53
-55
-49
74
63
-93
-9
-18
-24
-94
-1
-58
-36
-1
1
-83
-74
-73
41
6
-73
79
63
-61
-28
-36
-42
-29
4
46
-52
-66
54
-40
72
-39
16
7
-65
28
-8
-87
-66
-40
-1
7
31
15
56
64
-32
-25
-27
29
-22
95
-58
-96
2
-45
66
-9
93
53
-8
3
32
-85
5
8
92
26
25
99
-73
89
-55
-76
29
-24
1
88
45
14
-33
88
-26
-5
-27
99
-12
-54
60
8
-22
-81
42
-55
-11
-73
41
-12
-99
61
21
-37
-22
-47
-17
-1
25
-55
-40
-33
-12
-11
-70
10
98
-55
100
-71
-85
9
-26
-11
14
-86
-15
-9
-62
87
76
-39
52
-60
21
-92
-61
44
80
-58
-81
-90
-1
-25
16
-91
-2
-3
-77
38
-15
42
-35
-88
23
14
-7
19
34
94
76
-77
21
-25
-63
-74
-84
-18
44
34
87
-53
50
-41
49
54
3
0
-8
59
-36
-92
10
-39
24
-24
16
-10
49
-90
-92
-42
-22
99
8
23
45
49
15
29
-29
85
-75
-56
66
-32
-73
36
8
23
24
-62
-73
-42
-11
-100
71
71
100
40
94
-73
34
57
-98
-64
68
78
-100
-26
-14
95
-27
-11
66
-46
-19
36
9
-7
0
58
-9
24
37
-80
45
-23
-21
50
91
-99
-11
-17
-88
-85
76
6
-78
48
79
4
37
28
30
-97
38
91
-26
52
30
15
-77
79
-28
-18
-57
90
45
49
41
81
-29
20
46
23
-94
-74
79
71
30
-14
94
12
41
-52
74
4
4
-81
-52
-81
84
79
-61
-64
41
53
-19
-21
22
76
-72
-64
62
-20
-39
-9
89
41
-2
-79
-58
-7
47
99
26
89
48
-88
-62
39
-80
-78
53
-60
31
91
-16
79
11
85
-10
98
42
-7
62
65
-1
17
-49
-24
-93
69
89
-86
56
57
58
86
-30
40
14
30
-15
56
-55
-57
66
-58
-53
35
67
92
-34
-73
-59
90
-72
-26
-51
11
-1
60
67
91
-26
7
67
63
54
-51
11
82
3
25
-21
-62
36
76
40
100
-18
-60
44
50
1
26
-21
-97
-37
10
34
-64
19
37
-59
6
-25
-84
-48
13
23
-6
87
-20
92
-79
-90
21
-62
-66
-81
-70
-67
-28
33
43
-74
40
-70
-15
37
-77
16
86
-7
60
-64
-6
-43
-9
83
29
34
69
10
59
-61
15
81
54
-94
-84
100
-54
15
-99
-16
-27
58
-49
-94
24
58
39
98
13
48
-20
-77
9
-58
-85
-35
-91
63
50
69
87
-24
-4
-88
41
57
8
-78
47
51
-33
55
1
-51
-94
-78
-21
18
-45
-48
75
-93
39
-41
-2
50
38
79
-28
25
-54
-98
15
-43
-35
-76
-96
-57
45
-43
12
-86
-43
-20
17
-93
-92
79
61
9
67
44
6
-24
-73
-84
29
-62
-94
-58
99
-1
69
-56
-6
32
-30
20
-92
25
61
47
-20
-41
70
-28
48
-19
18
-66
-82
-51
-83
45
3
-11
11
33
-66
-51
85
-80
-47
59
26
27
88
58
91
-15
-69
-43
-54
-81
-36
51
-92
34
-61
68
-22
-18
26
13
-54
-36
-93
59
-54
-70
-14
39
31
-10
70
71
74
-96
59
51
11
-49
67
21
82
-80
-74
24
35