-23
67
-80
-22
-1
57
-25
59
70
-32
-59
-44
56
-59
-51
72
-13
0
35
-70
28
66
-71
6
4
-49
-26
57
64
7
-86
-17
-54
67
72
-38
-57
-94
65
-54
-42
-30
33
60
-41
91
-84
-91
-39
70
83
-26
35
81
65
4
30
9
-84
-98
37
-50
-88
4
48
16
-26
69
45
-72
-29
-89
-10
-6
82
-7
6
79
-51
-7
24
43
-37
70
-62
-5
-69
96
-29
62
-29
-56
-43
61
62
-95
-28
75
-26
95
66
63
-33
18
34
-33
-61
-31
85
18
-23
44
-80
32
-15
-58
39
30
91
97
36
76
-43
-54
43
25
90
14
52
19
93
-52
14
-48
77
-31
-11
-81
59
-88
-99
91
-30
34
40
37
73
18
-74
-52
-85
-47
-4
14
-26
-51
74
25
-91
-93
18
16
15
8
73
-55
75
38
-8
52
42
56
-83
92
-38
-96
-95
84
-7
-10
-46
-17
-40
-81
28
-83
-31
-57
60
-31
58
-17
29
42
-36
-70
93
83
72
86
-86
60
-56
30
14
-77
-69
90
-100
88
88
-41
31
0
-48
76
-56
14
10
-63
-88
-82
91
-85
25
8
13
44
-44
65
45
-21
19
30
-15
16
-82
92
20
-94
-53
-67
97
9
-15
-18
48
-53
-19
-17
-78
56
78
-94
-97
19
-71
14
-88
-41
-34
100
50
-94
11
37
3
30
18
-87
6
2
65
-38
-18
20
-66
43
-18
-68
-95
-38
-49
79
-52
69
37
-37
-1
-21
95
-30
-60
20
-59
81
26
65
-81
-11
57
-14
73
-31
-1
58
30
41
-75
-55
70
69
-13
-37
-58
55
55
-20
7
67
-86
-45
-38
91
97
24
26
68
14
36
53
8
-67
-58
55
28
29
81
3
60
45
52
32
16
83
-4
7
94
10
-100
43
75
-82
40
17
-89
51
-7
-34
62
82
-93
-51
-15
-90
-18
34
77
83
-60
0
73
49
-16
95
-92
-57
-38
80
-42
-46
-92
23
69
-28
-90
63
-80
40
5
33
56
24
-12
32
37
78
-68
-80
30
-42
44
-41
84
82
71
-14
-80
-76
57
6
56
18
25
-92
-68
-80
-45
-89
-45
20
-69
-29
-43
-28
-46
20
-42
26
62
-25
55
-46
62
-100
-49
45
79
61
-81
56
-49
17
-44
71
-76
-32
-25
-46
-17
29
60
-24
-100
75
-59
-88
-84
-90
-70
46
33
-99
-11
62
-70
-9
-60
76
48
91
67
42
-79
15
-62
-19
65
-43
77
25
-40
67
-61
18
-61
99
-35
-9
-95
12
19
-72
-88
-71
51
77
-14
-20
61
76
44
44
-26
-76
7
-48
76
-25
99
91
24
12
-36
58
-9
-90
-34
4
29
-53
40
-65
-49
87
55
47
42
7
-97
-23
79
3
-23
93
98
-92
-51
6
49
-3
63
-51
-21
92
49
-21
60
81
-13
-96
-43
-33
87
64
-70
12
-46
28
-3
84
-89
37
-33
86
35
-41
-56
-97
50
56
-15
88
92
29
58
59
-43
30
-9
-76
-64
-34
24
-90
-43
69
97
-49
-70
-89
27
-91
2
85
-81
-8
-100
-20
-77
68
97
74
71
-47
-54
-46
30
-23
-86
1
66
39
32
-61
-67
74
-15
36
-67
-17
-80
-53
53
37
-75
14
59
77
23
82
61
63
-49
95
-10
-49
-59
95
-70
99
-65
-17
-77
-10
-7
84
72
6
37
-61
-24
-74
-9
14
72
89
-56
68
-14
48
-42
-84
-2
-6
90
20
-73
50
-41
-54
-2
92
43
51
-100
-18
-20
78
82
61
-17
-4
96
-87
8
54
-51
90
41
24
89
-70
-85
-37
-66
64
-70
-39
7
-95
-55
-28
-34
43
63
-82
4
56
-86
22
-7
51
67
-47
-40
12
-89
-27
97
-20
13
41
62
25
-23
20
7
-18
-18
46
91
25
71
-95
-15
31
38
2
-95
-84
49
48
30
33
1
-14
-57
-17
-70
34
52
83
68
93
30
23
92
17
19
74
-50
-53
-22
-72
14
24
6
23
20
-52
-19
-33
-44
85
-87
-44
93
-17
33
-26
28
13
64
-38
42
-21
-58
57
52
79
34
63
22
17
79
9
-9
-77
8
-74
-18
-81
88
-45
55
17
55
68
-75
39
-90
24
20
-5
96
-36
41
-51
-50
-68
-56
-69
17
98
-36
-58
-21
49
-75
-99
-57
94
61
-15
-34
76
45
85
-70
-69
-9
-67
77
90
-10
50
23
16
31
-60
-98
-40
54
-74
1
61
-97
-67
-76
-65
4
52
57
79
92
48
-81
-39
10
-66
-45
12
-65
-32
-82
-39
58
-7
27
-97
82
60
-78
60
-95
-15
-30
-88
52
-38
-25
15
59
29
-30
-82
-57
-25
-33
68
-57
14
-27
-47
-40
-21
-15
-50
72
-3
59
-93
-72
-8
62
84
-6
66
-85
-31
-64
33
-11
38
28
43
27
-76
63
81
-53
12
-70
26
-27
-88
39
-17
-80
-36
-42
88
4
42
-28
84
23
-55
-95
62
-79
-75
-78
97
43
-9
-47
34
41
-11
-7
90
-41
-5
2
-54
-65
7
-9
88
-16
-20
79
-15
-14
-64
-61
-40
34
57
-11
62
-98
-86
-94
6
-43
86
61
-19
-85
-55
71
-59
34
-99
43
16
-19