49
72
-3
-90
-39
-48
-31
1
3
-8
-85
-23
45
-7
-79
-64
82
42
76
-1
-78
-43
91
51
-36
-50
0
75
41
-97
87
23
28
24
-43
-68
-83
86
57
-78
-80
-58
-77
40
82
62
-17
-29
56
67
-56
14
-98
91
94
-100
-47
-81
61
52
-73
-40
-67
-49
46
-15
91
-1
4
-4
86
-98
-53
-90
-50
-1
18
98
15
82
50
-87
-18
5
-89
7
11
-30
-65
-29
67
22
14
15
57
75
-53
-66
84
53
-55
-100
-22
33
-29
-46
-50
75
-50
40
68
-76
52
0
81
-60
64
-6
97
86
83
-67
-87
59
85
3
76
-72
-27
-10
-30
-52
33
-45
21
-41
-21
87
80
-23
-62
-41
-22
90
49
63
-90
4
-41
-99
-59
57
71
-20
-17
-34
-64
66
25
-93
19
-49
-34
52
45
-27
-28
64
5
-69
2
71
59
-22
-35
0
-51
-8
-83
37
-25
84
15
80
-70
-30
29
7
52
-47
-60
30
86
32
34
-90
-8
-100
16
43
38
0
-80
41
13
78
-59
-68
-24
57
97
-79
-18
36
5
37
-32
-20
49
45
-59
7
21
-38
-57
37
-80
-77
-29
-10
-76
41
-47
-1
-60
88
-50
-25
83
100
43
-89
36
78
82
-64
-13
-97
61
43
-37
-38
-98
-88
-40
47
-19
55
62
58
-28
-54
-98
3
-49
93
-76
84
-86
-58
-1
-81
64
-22
46
-70
35
91
-2
88
-56
-17
-4
97
-67
-51
-94
54
-55
59
-49
97
50
52
-11
-9
-21
76
99
-98
-34
40
-40
-56
-75
19
-56
-42
11
-19
-21
-44
-22
2
78
-1
-71
30
22
25
47
23
-21
70
92
28
-37
-31
95
62
43
-47
-5
35
67
-48
-78
76
53
-48
92
-15
37
43
11
-66
-26
77
54
78
-36
-96
-25
-51
-24
5
-30
52
50
24
-65
-15
66
-69
55
-19
-79
95
-87
-58
46
-94
-3
-95
5
-70
48
23
-41
4
-8
11
14
-49
73
22
-11
-88
98
15
-61
-17
-25
-66
-28
-51
68
-3
94
80
67
0
-68
-78
-87
-95
35
-20
17
-53
-51
61
35
-85
-65
51
-26
-51
70
-14
-66
-59
-33
-79
-98
-51
62
-5
-54
-43
-15
-16
94
25
55
17
-87
11
-51
94
11
14
-3
48
70
66
34
-20
60
-100
-86
-9
41
-82
25
-1
31
58
22
22
56
87
46
17
-88
-21
92
47
-74
6
-25
-47
-37
26
59
61
-97
-25
76
20
41
42
38
33
-87
49
-6
63
99
-19
71
11
31
63
27
75
-46
34
-54
32
90
-34
90
29
-53
-61
40
24
-52
84
-98
26
32
-78
94
-47
-43
-49
74
26
-7
-44
-83
-34
-61
-44
-100
79
60
29
26
33
-55
31
-62
-75
22
66
42
49
-18
7
-8
-4
85
-96
-84
-76
-52
-26
19
-14
93
-86
5
-78
76
31
-49
-40
-66
-8
-71
2
-57
32
48
84
-14
17
-77
-100
47
84
34
7
21
70
16
-11
25
96
-69
-80
-11
27
-29
-88
72
6
-84
8
-96
-13
57
25
-21
29
81
-62
23
9
0
32
26
-71
51
-93
86
-71
78
-3
-52
-26
9
34
48
6
-13
-1
-24
-76
-5
-7
28
-92
-31
-62
91
43
-61
34
-77
-22
78
61
47
-54
-77
-43
-6
75
-18
-90
-60
-52
65
-12
-64
50
1
37
74
-95
-47
-96
-95
-86
20
-66
-87
37
-50
-42
21
-77
18
65
75
15
80
43
-69
-32
27
17
26
-20
-35
-48
80
-10
-43
-4
0
-62
26
81
71
-12
77
-87
-66
-18
-87
69
-83
-75
100
-90
76
-6
68
26
19
-32
-21
34
41
-84
85
-97
-26
-49
-32
17
64
34
-24
-87
-34
-65
47
-17
21
71
-32
-87
36
24
-76
-96
22
39
-6
40
67
7
85
-9
37
66
50
-23
17
13
31
-88
49
49
-33
6
48
-9
-52
63
97
-43
-43
-77
-20
14
95
30
16
-91
43
38
60
53
74
-45
-23
-91
-75
-68
75
-13
-56
-67
55
36
-90
87
-99
-31
49
51
54
-74
76
75
-22
77
-98
54
3
-66
-14
-29
-7
5
16
-34
61
-90
-50
-40
-29
-34
48
7
46
-26
66
66
-13
-86
-48
-76
-21
76
17
38
70
26
47
37
-62
36
91
93
-1
0
80
16
-87
81
92
79
-96
67
-66
93
-61
34
83
-7
65
74
-7
82
69
-85
-73
-18
74
-93
-87
-49
59
-58
56
86
92
27
30
88
-68
31
-91
96
-13
-73
79
96
74
-74
90
-32
-90
21
-27
-2
12
0
99
45
-86
13
-81
-96
40
-94
-4
-53
-7
-72
-23
12
80
19
11
-23
6
93
-71
-16
-51
48
60
41
97
13
45
-8
-32
-41
60
-52
-45
85
70
-31
-98
-2
-48
28
92
-30
62
59
-61
-73
-23
-30
-20
38
-81
23
66
-98
49
-49
-47
48
-95
-70
-4
4
-45
20
77
46
76
-44
-78
83
94
-96
71
-20
48
-3
81
-73
16
67
25
54
42
11
69
46
18
-75
-75
98
67
-78
7
-11
-79
-14
-64
-51
-28
-42
-26
24
-12
-81
66
57
-7
74
6
-93
23
